238
4
20 13
16 24
08 12
30 27
37 24
11 35
45 03
28 47
08 23
49 32
15 09
40 16
06 31
33 19
22 09
48 34
16 42
03 29
38 11
25 46
07 41
31 13
20 44
10 27
24 03   
12 44   
34 21   
01 38   
41 07   
27 11   
45 25   
18 33   
49 08   
09 43
19 31
24 03
12 44
34 21
01 38
41 07
27 11
45 25
18 33
49 08
09 43
19 31
37 06
29 46
02 14
32 48
23 15
39 04
05 26
22 40
16 10
30 20
50 28
17 42
35 13
36 47
03 09
45 12
22 38
11 26
18 50
42 08
07 31
29 39
19 27
44 10
16 05
20 25
33 01
46 14
24 32
40 06
28 21
15 37
04 13
49 30
41 02
23 35
17 47
43 36
03 48
50 09
19 22
11 45
26 16
14 38
07 31
27 13
35 06
25 04
42 08
37 29
20 18
24 30
10 12
39 05
32 41
23 01
46 33
28 44
15 40
20 27
03 40
12 08
34 45
01 16
41 06
27 37
45 32
18 23
49 14
09 22
19 31
37 06
29 46
02 14
32 48
23 15
39 04
05 26
22 40
16 10
30 20
50 28
17 42
35 13
36 47
03 09
45 12
22 38
11 26
18 50
42 08
07 31
29 39
19 27
44 10
16 05
20 25
33 01
46 14
24 32
40 06
28 21
15 37
04 13
49 30
41 02
23 35
17 47
43 36
03 48
50 09
19 22
11 45
26 16
14 38
07 31
27 13
35 06
25 04
42 08
37 29
20 18
24 30
10 12
39 05
32 41
23 01
46 33
28 44
15 40
24 33
12 44
34 21
01 38
41 07
27 11
45 25
18 33
49 08
09 43
19 31
37 06
29 46
02 14
32 48
23 15
39 04
05 26
22 40
16 10
30 20
50 28
17 42
35 13
36 47
03 09
45 12
22 38
11 26
18 50
42 08
07 31
29 39
19 27
44 10
16 05
20 25
33 01
46 14
24 32
40 06
28 21
15 37
04 13
49 30
41 02
23 35
17 47
43 36
03 48
50 09
19 22
11 45
26 16
14 38
07 31
27 13
35 06
25 04
42 08
37 29
20 18
24 30
10 12
39 05
32 41
23 01
46 33
28 44
13 09
28 42
04 17
36 25
08 31
20 47
45 11
16 38
33 22
02 40
19 06
29 49
10 24
41 27
07 35
23 48
39 14
05 32
30 44
18 46
12 21
37 03
01 26
43 15
34 50
09 19
26 37
22 03
48 14
05 45
17 32
40 12
07 29
35 23
02 11
38 30
20 08
16 06
44 25
31 18
50 01
21 13
09 47
33 10
28 19
36 04
49 24
20 13
16 24
08 12
30 27
37 24
11 35
45 03
28 47
08 23
49 32
15 09
40 16
06 31
33 19
22 09
48 34
16 42
03 29
38 11
25 46
07 41
31 13
20 44
10 27
24 03   
12 44   
34 21   
01 38   
41 07   
27 11   
45 25   
18 33   
49 08   
09 43
19 31
24 03
12 44
34 21
01 38
41 07
27 11
45 25
18 33
49 08
09 43
19 31
37 06
29 46
02 14
32 48
23 15
39 04
05 26
22 40
16 10
30 20
50 28
17 42
35 13
36 47
03 09
45 12
22 38
11 26
18 50
42 08
07 31
29 39
19 27
44 10
16 05
20 25
33 01
46 14
24 32
40 06
28 21
15 37
04 13
49 30
41 02
23 35
17 47
43 36
03 48
50 09
19 22
11 45
26 16
14 38
07 31
27 13
35 06
25 04
42 08
37 29
20 18
24 30
10 12
39 05
32 41
23 01
46 33
28 44
15 40
20 27
03 40
12 08
34 45
01 16
41 06
27 37
45 32
18 23
49 14
09 22
19 31
37 06
29 46
02 14
32 48
23 15
39 04
05 26
22 40
16 10
30 20
50 28
17 42
35 13
36 47
03 09
45 12
22 38
11 26
18 50
42 08
07 31
29 39
19 27
44 10
16 05
20 25
33 01
46 14
24 32
40 06
28 21
15 37
04 13
49 30
41 02
23 35
17 47
43 36
03 48
50 09
19 22
11 45
26 16
14 38
07 31
27 13
35 06
25 04
42 08
37 29
20 18
24 30
10 12
39 05
32 41
23 01
46 33
28 44
15 40
24 33
12 44
34 21
01 38
41 07
27 11
45 25
18 33
49 08
09 43
19 31
37 06
29 46
02 14
32 48
23 15
39 04
05 26
22 40
16 10
30 20
50 28
17 42
35 13
36 47
03 09
45 12
22 38
11 26
18 50
42 08
07 31
29 39
19 27
44 10
16 05
20 25
33 01
46 14
24 32
40 06
28 21
15 37
04 13
49 30
41 02
23 35
17 47
43 36
03 48
50 09
19 22
11 45
26 16
14 38
07 31
27 13
35 06
25 04
42 08
37 29
20 18
24 30
10 12
39 05
32 41
23 01
46 33
28 44
13 09
28 42
04 17
36 25
08 31
20 47
45 11
16 38
33 22
02 40
19 06
29 49
10 24
41 27
07 35
23 48
39 14
05 32
30 44
18 46
12 21
37 03
01 26
43 15
34 50
09 19
26 37
22 03
48 14
05 45
17 32
40 12
07 29
35 23
02 11
38 30
20 08
16 06
44 25
31 18
50 01
21 13
09 47
33 10
28 19
36 04
49 24
20 13
16 24
08 12
30 27
37 24
11 35
45 03
28 47
08 23
49 32
15 09
40 16
06 31
33 19
22 09
48 34
16 42
03 29
38 11
25 46
07 41
31 13
20 44
10 27
24 03   
12 44   
34 21   
01 38   
41 07   
27 11   
45 25   
18 33   
49 08   
09 43
19 31
24 03
12 44
34 21
01 38
41 07
27 11
45 25
18 33
49 08
09 43
19 31
37 06
29 46
02 14
32 48
23 15
39 04
05 26
22 40
16 10
30 20
50 28
17 42
35 13
36 47
03 09
45 12
22 38
11 26
18 50
42 08
07 31
29 39
19 27
44 10
16 05
20 25
33 01
46 14
24 32
40 06
28 21
15 37
04 13
49 30
41 02
23 35
17 47
43 36
03 48
50 09
19 22
11 45
26 16
14 38
07 31
27 13
35 06
25 04
42 08
37 29
20 18
24 30
10 12
39 05
32 41
23 01
46 33
28 44
15 40
20 27
03 40
12 08
34 45
01 16
41 06
27 37
45 32
18 23
49 14
09 22
19 31
37 06
29 46
02 14
32 48
23 15
39 04
05 26
22 40
16 10
30 20
50 28
17 42
35 13
36 47
03 09
45 12
22 38
11 26
18 50
42 08
07 31
29 39
19 27
44 10
16 05
20 25
33 01
46 14
24 32
40 06
28 21
15 37
04 13
49 30
41 02
23 35
17 47
43 36
03 48
50 09
19 22
11 45
26 16
14 38
07 31
27 13
35 06
25 04
42 08
37 29
20 18
24 30
10 12
39 05
32 41
23 01
46 33
28 44
15 40
24 33
12 44
34 21
01 38
41 07
27 11
45 25
18 33
49 08
09 43
19 31
37 06
29 46
02 14
32 48
23 15
39 04
05 26
22 40
16 10
30 20
50 28
17 42
35 13
36 47
03 09
45 12
22 38
11 26
18 50
42 08
07 31
29 39
19 27
44 10
16 05
20 25
33 01
46 14
24 32
40 06
28 21
15 37
04 13
49 30
41 02
23 35
17 47
43 36
03 48
50 09
19 22
11 45
26 16
14 38
07 31
27 13
35 06
25 04
42 08
37 29
20 18
24 30
10 12
39 05
32 41
23 01
46 33
28 44
13 09
28 42
04 17
36 25
08 31
20 47
45 11
16 38
33 22
02 40
19 06
29 49
10 24
41 27
07 35
23 48
39 14
05 32
30 44
18 46
12 21
37 03
01 26
43 15
34 50
09 19
26 37
22 03
48 14
05 45
17 32
40 12
07 29
35 23
02 11
38 30
20 08
16 06
44 25
31 18
50 01
21 13
09 47
33 10
28 19
36 04
49 24
20 13
16 24
08 12
30 27
37 24
11 35
45 03
28 47
08 23
49 32
15 09
40 16
06 31
33 19
22 09
48 34
16 42
03 29
38 11
25 46
07 41
31 13
20 44
10 27
24 03   
12 44   
34 21   
01 38   
41 07   
27 11   
45 25   
18 33   
49 08   
09 43
19 31
24 03
12 44
34 21
01 38
41 07
27 11
45 25
18 33
49 08
09 43
19 31
37 06
29 46
02 14
32 48
23 15
39 04
05 26
22 40
16 10
30 20
50 28
17 42
35 13
36 47
03 09
45 12
22 38
11 26
18 50
42 08
07 31
29 39
19 27
44 10
16 05
20 25
33 01
46 14
24 32
40 06
28 21
15 37
04 13
49 30
41 02
23 35
17 47
43 36
03 48
50 09
19 22
11 45
26 16
14 38
07 31
27 13
35 06
25 04
42 08
37 29
20 18
24 30
10 12
39 05
32 41
23 01
46 33
28 44
15 40
20 27
03 40
12 08
34 45
01 16
41 06
27 37
45 32
18 23
49 14
09 22
19 31
37 06
29 46
02 14
32 48
23 15
39 04
05 26
22 40
16 10
30 20
50 28
17 42
35 13
36 47
03 09
45 12
22 38
11 26
18 50
42 08
07 31
29 39
19 27
44 10
16 05
20 25
33 01
46 14
24 32
40 06
28 21
15 37
04 13
49 30
41 02
23 35
17 47
43 36
03 48
50 09
19 22
11 45
26 16
14 38
07 31
27 13
35 06
25 04
42 08
37 29
20 18
24 30
10 12
39 05
32 41
23 01
46 33
28 44
15 40
24 33
12 44
34 21
01 38
41 07
27 11
45 25
18 33
49 08
09 43
19 31
37 06
29 46
02 14
32 48
23 15
39 04
05 26
22 40
16 10
30 20
50 28
17 42
35 13
36 47
03 09
45 12
22 38
11 26
18 50
42 08
07 31
29 39
19 27
44 10
16 05
20 25
33 01
46 14
24 32
40 06
28 21
15 37
04 13
49 30
41 02
23 35
17 47
43 36
03 48
50 09
19 22
11 45
26 16
14 38
07 31
27 13
35 06
25 04
42 08
37 29
20 18
24 30
10 12
39 05
32 41
23 01
46 33
28 44
13 09
28 42
04 17
36 25
08 31
20 47
45 11
16 38
33 22
02 40
19 06
29 49
10 24
41 27
07 35
23 48
39 14
05 32
30 44
18 46
12 21
37 03
01 26
43 15
34 50
09 19
26 37
22 03
48 14
05 45
17 32
40 12
07 29
35 23
02 11
38 30
20 08
16 06
44 25
31 18
50 01
21 13
09 47
33 10
28 19
36 04
49 24
20 13
16 24
08 12
30 27
37 24
11 35
45 03
28 47
08 23
49 32
15 09
40 16
06 31
33 19
22 09
48 34
16 42
03 29
38 11
25 46
07 41
31 13
20 44
10 27
24 03   
12 44   
34 21   
01 38   
41 07   
27 11   
45 25   
18 33   
49 08   
09 43
19 31
24 03
12 44
34 21
01 38
41 07
27 11
45 25
18 33
49 08
09 43
19 31
37 06
29 46
02 14
32 48
23 15
39 04
05 26
22 40
16 10
30 20
50 28
17 42
35 13
36 47
03 09
45 12
22 38
11 26
18 50
42 08
07 31
29 39
19 27
44 10
16 05
20 25
33 01
46 14
24 32
40 06
28 21
15 37
04 13
49 30
41 02
23 35
17 47
43 36
03 48
50 09
19 22
11 45
26 16
14 38
07 31
27 13
35 06
25 04
42 08
37 29
20 18
24 30
10 12
39 05
32 41
23 01
46 33
28 44
15 40
20 27
03 40
12 08
34 45
01 16
41 06
27 37
45 32
18 23
49 14
09 22
19 31
37 06
29 46
02 14
32 48
23 15
39 04
05 26
22 40
16 10
30 20
50 28
17 42
35 13
36 47
03 09
45 12
22 38
11 26
18 50
42 08
07 31
29 39
19 27
44 10
16 05
20 25
33 01
46 14
24 32
40 06
28 21
15 37
04 13
49 30
41 02
23 35
17 47
43 36
03 48
50 09
19 22
11 45
26 16
14 38
07 31
27 13
35 06
25 04
42 08
37 29
20 18
24 30
10 12
39 05
32 41
23 01
46 33
28 44
15 40
24 33
12 44
34 21
01 38
41 07
27 11
45 25
18 33
49 08
09 43
19 31
37 06
29 46
02 14
32 48
23 15
39 04
05 26
22 40
16 10
30 20
50 28
17 42
35 13
36 47
03 09
45 12
22 38
11 26
18 50
42 08
07 31
29 39
19 27
44 10
16 05
20 25
33 01
46 14
24 32
40 06
28 21
15 37
04 13
49 30
41 02
23 35
17 47
43 36
03 48
50 09
19 22
11 45
26 16
14 38
07 31
27 13
35 06
25 04
42 08
37 29
20 18
24 30
10 12
39 05
32 41
23 01
46 33
28 44
13 09
28 42
04 17
36 25
08 31
20 47
45 11
16 38
33 22
02 40
19 06
29 49
10 24
41 27
07 35
23 48
39 14
05 32
30 44
18 46
12 21
37 03
01 26
43 15
34 50
09 19
26 37
22 03
48 14
05 45
17 32
40 12
07 29
35 23
02 11
38 30
20 08
16 06
44 25
31 18
50 01
21 13
09 47
33 10
28 19
36 04
49 24
20 13
16 24
08 12
30 27
37 24
11 35
45 03
28 47
08 23
49 32
15 09
40 16
06 31
33 19
22 09
48 34
16 42
03 29
38 11
25 46
07 41
31 13
20 44
10 27
24 03   
12 44   
34 21   
01 38   
41 07   
27 11   
45 25   
18 33   
49 08   
09 43
19 31
24 03
12 44
34 21
01 38
41 07
27 11
45 25
18 33
49 08
09 43
19 31
37 06
29 46
02 14
32 48
23 15
39 04
05 26
22 40
16 10
30 20
50 28
17 42
35 13
36 47
03 09
45 12
22 38
11 26
18 50
42 08
07 31
29 39
19 27
44 10
16 05
20 25
33 01
46 14
24 32
40 06
28 21
15 37
04 13
49 30
41 02
23 35
17 47
43 36
03 48
50 09
19 22
11 45
26 16
14 38
07 31
27 13
35 06
25 04
42 08
37 29
20 18
24 30
10 12
39 05
32 41
23 01
46 33
28 44
15 40
20 27
03 40
12 08
34 45
01 16
41 06
27 37
45 32
18 23
49 14
09 22
19 31
37 06
29 46
02 14
32 48
23 15
39 04
05 26
22 40
16 10
30 20
50 28
17 42
35 13
36 47
03 09
45 12
22 38
11 26
18 50
42 08
07 31
29 39
19 27
44 10
16 05
20 25
33 01
46 14
24 32
40 06
28 21
15 37
04 13
49 30
41 02
23 35
17 47
43 36
03 48
50 09
19 22
11 45
26 16
14 38
07 31
27 13
35 06
25 04
42 08
37 29
20 18
24 30
10 12
39 05
32 41
23 01
46 33
28 44
15 40
24 33
12 44
34 21
01 38
41 07
27 11
45 25
18 33
49 08
09 43
19 31
37 06
29 46
02 14
32 48
23 15
39 04
05 26
22 40
16 10
30 20
50 28
17 42
35 13
36 47
03 09
45 12
22 38
11 26
18 50
42 08
07 31
29 39
19 27
44 10
16 05
20 25
33 01
46 14
24 32
40 06
28 21
15 37
04 13
49 30
41 02
23 35
17 47
43 36
03 48
50 09
19 22
11 45
26 16
14 38
07 31
27 13
35 06
25 04
42 08
37 29
20 18
24 30
10 12
39 05
32 41
23 01
46 33
28 44
13 09
28 42
04 17
36 25
08 31
20 47
45 11
16 38
33 22
02 40
19 06
29 49
10 24
41 27
07 35
23 48
39 14
05 32
30 44
18 46
12 21
37 03
01 26
43 15
34 50
09 19
26 37
22 03
48 14
05 45
17 32
40 12
07 29
35 23
02 11
38 30
20 08
16 06
44 25
31 18
50 01
21 13
09 47
33 10
28 19
36 04
49 24
20 13
16 24
08 12
30 27
37 24
11 35
45 03
28 47
08 23
49 32
15 09
40 16
06 31
33 19
22 09
48 34
16 42
03 29
38 11
25 46
07 41
31 13
20 44
10 27
24 03   
12 44   
34 21   
01 38   
41 07   
27 11   
45 25   
18 33   
49 08   
09 43
19 31
24 03
12 44
34 21
01 38
41 07
27 11
45 25
18 33
49 08
09 43
19 31
37 06
29 46
02 14
32 48
23 15
39 04
05 26
22 40
16 10
30 20
50 28
17 42
35 13
36 47
03 09
45 12
22 38
11 26
18 50
42 08
07 31
29 39
19 27
44 10
16 05
20 25
33 01
46 14
24 32
40 06
28 21
15 37
04 13
49 30
41 02
23 35
17 47
43 36
03 48
50 09
19 22
11 45
26 16
14 38
07 31
27 13
35 06
25 04
42 08
37 29
20 18
24 30
10 12
39 05
32 41
23 01
46 33
28 44
15 40
20 27
03 40
12 08
34 45
01 16
41 06
27 37
45 32
18 23
49 14
09 22
19 31
37 06
29 46
02 14
32 48
23 15
39 04
05 26
22 40
16 10
30 20
50 28
17 42
35 13
36 47
03 09
45 12
22 38
11 26
18 50
42 08
07 31
29 39
19 27
44 10
16 05
20 25
33 01
46 14
24 32
40 06
28 21
15 37
04 13
49 30
41 02
23 35
17 47
43 36
03 48
50 09
19 22
11 45
26 16
14 38
07 31
27 13
35 06
25 04
42 08
37 29
20 18
24 30
10 12
39 05
32 41
23 01
46 33
28 44
15 40
24 33
12 44
34 21
01 38
41 07
27 11
45 25
18 33
49 08
09 43
19 31
37 06
29 46
02 14
32 48
23 15
39 04
05 26
22 40
16 10
30 20
50 28
17 42
35 13
36 47
03 09
45 12
22 38
11 26
18 50
42 08
07 31
29 39
19 27
44 10
16 05
20 25
33 01
46 14
24 32
40 06
28 21
15 37
04 13
49 30
41 02
23 35
17 47
43 36
03 48
50 09
19 22
11 45
26 16
14 38
07 31
27 13
35 06
25 04
42 08
37 29
20 18
24 30
10 12
39 05
32 41
23 01
46 33
28 44
13 09
28 42
04 17
36 25
08 31
20 47
45 11
16 38
33 22
02 40
19 06
29 49
10 24
41 27
07 35
23 48
39 14
05 32
30 44
18 46
12 21
37 03
01 26
43 15
34 50
09 19
26 37
22 03
48 14
05 45
17 32
40 12
07 29
35 23
02 11
38 30
20 08
16 06
44 25
31 18
50 01
21 13
09 47
33 10
28 19
36 04
49 24
20 13
16 24
08 12
30 27
37 24
11 35
45 03
28 47
08 23
49 32
15 09
40 16
06 31
33 19
22 09
48 34
16 42
03 29
38 11
25 46
07 41
31 13
20 44
10 27
24 03   
12 44   
34 21   
01 38   
41 07   
27 11   
45 25   
18 33   
49 08   
09 43
19 31
24 03
12 44
34 21
01 38
41 07
27 11
45 25
18 33
49 08
09 43
19 31
37 06
29 46
02 14
32 48
23 15
39 04
05 26
22 40
16 10
30 20
50 28
17 42
35 13
36 47
03 09
45 12
22 38
11 26
18 50
42 08
07 31
29 39
19 27
44 10
16 05
20 25
33 01
46 14
24 32
40 06
28 21
15 37
04 13
49 30
41 02
23 35
17 47
43 36
03 48
50 09
19 22
11 45
26 16
14 38
07 31
27 13
35 06
25 04
42 08
37 29
20 18
24 30
10 12
39 05
32 41
23 01
46 33
28 44
15 40
20 27
03 40
12 08
34 45
01 16
41 06
27 37
45 32
18 23
49 14
09 22
19 31
37 06
29 46
02 14
32 48
23 15
39 04
05 26
22 40
16 10
30 20
50 28
17 42
35 13
36 47
03 09
45 12
22 38
11 26
18 50
42 08
07 31
29 39
19 27
44 10
16 05
20 25
33 01
46 14
24 32
40 06
28 21
15 37
04 13
49 30
41 02
23 35
17 47
43 36
03 48
50 09
19 22
11 45
26 16
14 38
07 31
27 13
35 06
25 04
42 08
37 29
20 18
24 30
10 12
39 05
32 41
23 01
46 33
28 44
15 40
24 33
12 44
34 21
01 38
41 07
27 11
45 25
18 33
49 08
09 43
19 31
37 06
29 46
02 14
32 48
23 15
39 04
05 26
22 40
16 10
30 20
50 28
17 42
35 13
36 47
03 09
45 12
22 38
11 26
18 50
42 08
07 31
29 39
19 27
44 10
16 05
20 25
33 01
46 14
24 32
40 06
28 21
15 37
04 13
49 30
41 02
23 35
17 47
43 36
03 48
50 09
19 22
11 45
26 16
14 38
07 31
27 13
35 06
25 04
42 08
37 29
20 18
24 30
10 12
39 05
32 41
23 01
46 33
28 44
13 09
28 42
04 17
36 25
08 31
20 47
45 11
16 38
33 22
02 40
19 06
29 49
10 24
41 27
07 35
23 48
39 14
05 32
30 44
18 46
12 21
37 03
01 26
43 15
34 50
09 19
26 37
22 03
48 14
05 45
17 32
40 12
07 29
35 23
02 11
38 30
20 08
16 06
44 25
31 18
50 01
21 13
09 47
33 10
28 19
36 04
49 24
20 13
16 24
08 12
30 27
37 24
11 35
45 03
28 47
08 23
49 32
15 09
40 16
06 31
33 19
22 09
48 34
16 42
03 29
38 11
25 46
07 41
31 13
20 44
10 27
24 03   
12 44   
34 21   
01 38   
41 07   
27 11   
45 25   
18 33   
49 08   
09 43
19 31
24 03
12 44
34 21
01 38
41 07
27 11
45 25
18 33
49 08
09 43
19 31
37 06
29 46
02 14
32 48
23 15
39 04
05 26
22 40
16 10
30 20
50 28
17 42
35 13
36 47
03 09
45 12
22 38
11 26
18 50
42 08
07 31
29 39
19 27
44 10
16 05
20 25
33 01
46 14
24 32
40 06
28 21
15 37
04 13
49 30
41 02
23 35
17 47
43 36
03 48
50 09
19 22
11 45
26 16
14 38
07 31
27 13
35 06
25 04
42 08
37 29
20 18
24 30
10 12
39 05
32 41
23 01
46 33
28 44
15 40
20 27
03 40
12 08
34 45
01 16
41 06
27 37
45 32
18 23
49 14
09 22
19 31
37 06
29 46
02 14
32 48
23 15
39 04
05 26
22 40
16 10
30 20
50 28
17 42
35 13
36 47
03 09
45 12
22 38
11 26
18 50
42 08
07 31
29 39
19 27
44 10
16 05
20 25
33 01
46 14
24 32
40 06
28 21
15 37
04 13
49 30
41 02
23 35
17 47
43 36
03 48
50 09
19 22
11 45
26 16
14 38
07 31
27 13
35 06
25 04
42 08
37 29
20 18
24 30
10 12
39 05
32 41
23 01
46 33
28 44
15 40
24 33
12 44
34 21
01 38
41 07
27 11
45 25
18 33
49 08
09 43
19 31
37 06
29 46
02 14
32 48
23 15
39 04
05 26
22 40
16 10
30 20
50 28
17 42
35 13
36 47
03 09
45 12
22 38
11 26
18 50
42 08
07 31
29 39
19 27
44 10
16 05
20 25
33 01
46 14
24 32
40 06
28 21
15 37
04 13
49 30
41 02
23 35
17 47
43 36
03 48
50 09
19 22
11 45
26 16
14 38
07 31
27 13
35 06
25 04
42 08
37 29
20 18
24 30
10 12
39 05
32 41
23 01
46 33
28 44
13 09
28 42
04 17
36 25
08 31
20 47
45 11
16 38
33 22
02 40
19 06
29 49
10 24
41 27
07 35
23 48
39 14
05 32
30 44
18 46
12 21
37 03
01 26
43 15
34 50
09 19
26 37
22 03
48 14
05 45
17 32
40 12
07 29
35 23
02 11
38 30
20 08
16 06
44 25
31 18
50 01
21 13
09 47
33 10
28 19
36 04
49 24
20 13
16 24
08 12
30 27
37 24
11 35
45 03
28 47
08 23
49 32
15 09
40 16
06 31
33 19
22 09
48 34
16 42
03 29
38 11
25 46
07 41
31 13
20 44
10 27
24 03   
12 44   
34 21   
01 38   
41 07   
27 11   
45 25   
18 33   
49 08   
09 43
19 31
24 03
12 44
34 21
01 38
41 07
27 11
45 25
18 33
49 08
09 43
19 31
37 06
29 46
02 14
32 48
23 15
39 04
05 26
22 40
16 10
30 20
50 28
17 42
35 13
36 47
03 09
45 12
22 38
11 26
18 50
42 08
07 31
29 39
19 27
44 10
16 05
20 25
33 01
46 14
24 32
40 06
28 21
15 37
04 13
49 30
41 02
23 35
17 47
43 36
03 48
50 09
19 22
11 45
26 16
14 38
07 31
27 13
35 06
25 04
42 08
37 29
20 18
24 30
10 12
39 05
32 41
23 01
46 33
28 44
15 40
20 27
03 40
12 08
34 45
01 16
41 06
27 37
45 32
18 23
49 14
09 22
19 31
37 06
29 46
02 14
32 48
23 15
39 04
05 26
22 40
16 10
30 20
50 28
17 42
35 13
36 47
03 09
45 12
22 38
11 26
18 50
42 08
07 31
29 39
19 27
44 10
16 05
20 25
33 01
46 14
24 32
40 06
28 21
15 37
04 13
49 30
41 02
23 35
17 47
43 36
03 48
50 09
19 22
11 45
26 16
14 38
07 31
27 13
35 06
25 04
42 08
37 29
20 18
24 30
10 12
39 05
32 41
23 01
46 33
28 44
15 40
24 33
12 44
34 21
01 38
41 07
27 11
45 25
18 33
49 08
09 43
19 31
37 06
29 46
02 14
32 48
23 15
39 04
05 26
22 40
16 10
30 20
50 28
17 42
35 13
36 47
03 09
45 12
22 38
11 26
18 50
42 08
07 31
29 39
19 27
44 10
16 05
20 25
33 01
46 14
24 32
40 06
28 21
15 37
04 13
49 30
41 02
23 35
17 47
43 36
03 48
50 09
19 22
11 45
26 16
14 38
07 31
27 13
35 06
25 04
42 08
37 29
20 18
24 30
10 12
39 05
32 41
23 01
46 33
28 44
13 09
28 42
04 17
36 25
08 31
20 47
45 11
16 38
33 22
02 40
19 06
29 49
10 24
41 27
07 35
23 48
39 14
05 32
30 44
18 46
12 21
37 03
01 26
43 15
34 50
09 19
26 37
22 03
48 14
05 45
17 32
40 12
07 29
35 23
02 11
38 30
20 08
16 06
44 25
31 18
50 01
21 13
09 47
33 10
28 19
36 04
49 24
20 13
16 24
08 12
30 27
37 24
11 35
45 03
28 47
08 23
49 32
15 09
40 16
06 31
33 19
22 09
48 34
16 42
03 29
38 11
25 46
07 41
31 13
20 44
10 27
24 03   
12 44   
34 21   
01 38   
41 07   
27 11   
45 25   
18 33   
49 08   
09 43
19 31
24 03
12 44
34 21
01 38
41 07
27 11
45 25
18 33
49 08
09 43
19 31
37 06
29 46
02 14
32 48
23 15
39 04
05 26
22 40
16 10
30 20
50 28
17 42
35 13
36 47
03 09
45 12
22 38
11 26
18 50
42 08
07 31
29 39
19 27
44 10
16 05
20 25
33 01
46 14
24 32
40 06
28 21
15 37
04 13
49 30
41 02
23 35
17 47
43 36
03 48
50 09
19 22
11 45
26 16
14 38
07 31
27 13
35 06
25 04
42 08
37 29
20 18
24 30
10 12
39 05
32 41
23 01
46 33
28 44
15 40
20 27
03 40
12 08
34 45
01 16
41 06
27 37
45 32
18 23
49 14
09 22
19 31
37 06
29 46
02 14
32 48
23 15
39 04
05 26
22 40
16 10
30 20
50 28
17 42
35 13
36 47
03 09
45 12
22 38
11 26
18 50
42 08
07 31
29 39
19 27
44 10
16 05
20 25
33 01
46 14
24 32
40 06
28 21
15 37
04 13
49 30
41 02
23 35
17 47
43 36
03 48
50 09
19 22
11 45
26 16
14 38
07 31
27 13
35 06
25 04
42 08
37 29
20 18
24 30
10 12
39 05
32 41
23 01
46 33
28 44
15 40
24 33
12 44
34 21
01 38
41 07
27 11
45 25
18 33
49 08
09 43
19 31
37 06
29 46
02 14
32 48
23 15
39 04
05 26
22 40
16 10
30 20
50 28
17 42
35 13
36 47
03 09
45 12
22 38
11 26
18 50
42 08
07 31
29 39
19 27
44 10
16 05
20 25
33 01
46 14
24 32
40 06
28 21
15 37
04 13
49 30
41 02
23 35
17 47
43 36
03 48
50 09
19 22
11 45
26 16
14 38
07 31
27 13
35 06
25 04
42 08
37 29
20 18
24 30
10 12
39 05
32 41
23 01
46 33
28 44
13 09
28 42
04 17
36 25
08 31
20 47
45 11
16 38
33 22
02 40
19 06
29 49
10 24
41 27
07 35
23 48
39 14
05 32
30 44
18 46
12 21
37 03
01 26
43 15
34 50
09 19
26 37
22 03
48 14
05 45
17 32
40 12
07 29
35 23
02 11
38 30
20 08
16 06
44 25
31 18
50 01
21 13
09 47
33 10
28 19
36 04
49 24
20 13
16 24
08 12
30 27
37 24
11 35
45 03
28 47
08 23
49 32
15 09
40 16
06 31
33 19
22 09
48 34
16 42
03 29
38 11
25 46
07 41
31 13
20 44
10 27
24 03   
12 44   
34 21   
01 38   
41 07   
27 11   
45 25   
18 33   
49 08   
09 43
19 31
24 03
12 44
34 21
01 38
41 07
27 11
45 25
18 33
49 08
09 43
19 31
37 06
29 46
02 14
32 48
23 15
39 04
05 26
22 40
16 10
30 20
50 28
17 42
35 13
36 47
03 09
45 12
22 38
11 26
18 50
42 08
07 31
29 39
19 27
44 10
16 05
20 25
33 01
46 14
24 32
40 06
28 21
15 37
04 13
49 30
41 02
23 35
17 47
43 36
03 48
50 09
19 22
11 45
26 16
14 38
07 31
27 13
35 06
25 04
42 08
37 29
20 18
24 30
10 12
39 05
32 41
23 01
46 33
28 44
15 40
20 27
03 40
12 08
34 45
01 16
41 06
27 37
45 32
18 23
49 14
09 22
19 31
37 06
29 46
02 14
32 48
23 15
39 04
05 26
22 40
16 10
30 20
50 28
17 42
35 13
36 47
03 09
45 12
22 38
11 26
18 50
42 08
07 31
29 39
19 27
44 10
16 05
20 25
33 01
46 14
24 32
40 06
28 21
15 37
04 13
49 30
41 02
23 35
17 47
43 36
03 48
50 09
19 22
11 45
26 16
14 38
07 31
27 13
35 06
25 04
42 08
37 29
20 18
24 30
10 12
39 05
32 41
23 01
46 33
28 44
15 40
24 33
12 44
34 21
01 38
41 07
27 11
45 25
18 33
49 08
09 43
19 31
37 06
29 46
02 14
32 48
23 15
39 04
05 26
22 40
16 10
30 20
50 28
17 42
35 13
36 47
03 09
45 12
22 38
11 26
18 50
42 08
07 31
29 39
19 27
44 10
16 05
20 25
33 01
46 14
24 32
40 06
28 21
15 37
04 13
49 30
41 02
23 35
17 47
43 36
03 48
50 09
19 22
11 45
26 16
14 38
07 31
27 13
35 06
25 04
42 08
37 29
20 18
24 30
10 12
39 05
32 41
23 01
46 33
28 44
13 09
28 42
04 17
36 25
08 31
20 47
45 11
16 38
33 22
02 40
19 06
29 49
10 24
41 27
07 35
23 48
39 14
05 32
30 44
18 46
12 21
37 03
01 26
43 15
34 50
09 19
26 37
22 03
48 14
05 45
17 32
40 12
07 29
35 23
02 11
38 30
20 08
16 06
44 25
31 18
50 01
21 13
09 47
33 10
28 19
36 04
49 24
20 13
16 24
08 12
30 27
37 24
11 35
45 03
28 47
08 23
49 32
15 09
40 16
06 31
33 19
22 09
48 34
16 42
03 29
38 11
25 46
07 41
31 13
20 44
10 27
24 03   
12 44   
34 21   
01 38   
41 07   
27 11   
45 25   
18 33   
49 08   
09 43
19 31
24 03
12 44
34 21
01 38
41 07
27 11
45 25
18 33
49 08
09 43
19 31
37 06
29 46
02 14
32 48
23 15
39 04
05 26
22 40
16 10
30 20
50 28
17 42
35 13
36 47
03 09
45 12
22 38
11 26
18 50
42 08
07 31
29 39
19 27
44 10
16 05
20 25
33 01
46 14
24 32
40 06
28 21
15 37
04 13
49 30
41 02
23 35
17 47
43 36
03 48
50 09
19 22
11 45
26 16
14 38
07 31
27 13
35 06
25 04
42 08
37 29
20 18
24 30
10 12
39 05
32 41
23 01
46 33
28 44
15 40
20 27
03 40
12 08
34 45
01 16
41 06
27 37
45 32
18 23
49 14
09 22
19 31
37 06
29 46
02 14
32 48
23 15
39 04
05 26
22 40
16 10
30 20
50 28
17 42
35 13
36 47
03 09
45 12
22 38
11 26
18 50
42 08
07 31
29 39
19 27
44 10
16 05
20 25
33 01
46 14
24 32
40 06
28 21
15 37
04 13
49 30
41 02
23 35
17 47
43 36
03 48
50 09
19 22
11 45
26 16
14 38
07 31
27 13
35 06
25 04
42 08
37 29
20 18
24 30
10 12
39 05
32 41
23 01
46 33
28 44
15 40
24 33
12 44
34 21
01 38
41 07
27 11
45 25
18 33
49 08
09 43
19 31
37 06
29 46
02 14
32 48
23 15
39 04
05 26
22 40
16 10
30 20
50 28
17 42
35 13
36 47
03 09
45 12
22 38
11 26
18 50
42 08
07 31
29 39
19 27
44 10
16 05
20 25
33 01
46 14
24 32
40 06
28 21
15 37
04 13
49 30
41 02
23 35
17 47
43 36
03 48
50 09
19 22
11 45
26 16
14 38
07 31
27 13
35 06
25 04
42 08
37 29
20 18
24 30
10 12
39 05
32 41
23 01
46 33
28 44
13 09
28 42
04 17
36 25
08 31
20 47
45 11
16 38
33 22
02 40
19 06
29 49
10 24
41 27
07 35
23 48
39 14
05 32
30 44
18 46
12 21
37 03
01 26
43 15
34 50
09 19
26 37
22 03
48 14
05 45
17 32
40 12
07 29
35 23
02 11
38 30
20 08
16 06
44 25
31 18
50 01
21 13
09 47
33 10
28 19
36 04
49 24
20 13
16 24
08 12
30 27
37 24
11 35
45 03
28 47
08 23
49 32
15 09
40 16
06 31
33 19
22 09
48 34
16 42
03 29
38 11
25 46
07 41
31 13
20 44
10 27
24 03   
12 44   
34 21   
01 38   
41 07   
27 11   
45 25   
18 33   
49 08   
09 43
19 31
24 03
12 44
34 21
01 38
41 07
27 11
45 25
18 33
49 08
09 43
19 31
37 06
29 46
02 14
32 48
23 15
39 04
05 26
22 40
16 10
30 20
50 28
17 42
35 13
36 47
03 09
45 12
22 38
11 26
18 50
42 08
07 31
29 39
19 27
44 10
16 05
20 25
33 01
46 14
24 32
40 06
28 21
15 37
04 13
49 30
41 02
23 35
17 47
43 36
03 48
50 09
19 22
11 45
26 16
14 38
07 31
27 13
35 06
25 04
42 08
37 29
20 18
24 30
10 12
39 05
32 41
23 01
46 33
28 44
15 40
20 27
03 40
12 08
34 45
01 16
41 06
27 37
45 32
18 23
49 14
09 22
19 31
37 06
29 46
02 14
32 48
23 15
39 04
05 26
22 40
16 10
30 20
50 28
17 42
35 13
36 47
03 09
45 12
22 38
11 26
18 50
42 08
07 31
29 39
19 27
44 10
16 05
20 25
33 01
46 14
24 32
40 06
28 21
15 37
04 13
49 30
41 02
23 35
17 47
43 36
03 48
50 09
19 22
11 45
26 16
14 38
07 31
27 13
35 06
25 04
42 08
37 29
20 18
24 30
10 12
39 05
32 41
23 01
46 33
28 44
15 40
24 33
12 44
34 21
01 38
41 07
27 11
45 25
18 33
49 08
09 43
19 31
37 06
29 46
02 14
32 48
23 15
39 04
05 26
22 40
16 10
30 20
50 28
17 42
35 13
36 47
03 09
45 12
22 38
11 26
18 50
42 08
07 31
29 39
19 27
44 10
16 05
20 25
33 01
46 14
24 32
40 06
28 21
15 37
04 13
49 30
41 02
23 35
17 47
43 36
03 48
50 09
19 22
11 45
26 16
14 38
07 31
27 13
35 06
25 04
42 08
37 29
20 18
24 30
10 12
39 05
32 41
23 01
46 33
28 44
13 09
28 42
04 17
36 25
08 31
20 47
45 11
16 38
33 22
02 40
19 06
29 49
10 24
41 27
07 35
23 48
39 14
05 32
30 44
18 46
12 21
37 03
01 26
43 15
34 50
09 19
26 37
22 03
48 14
05 45
17 32
40 12
07 29
35 23
02 11
38 30
20 08
16 06
44 25
31 18
50 01
21 13
09 47
33 10
28 19
36 04
49 24
20 13
16 24
08 12
30 27
37 24
11 35
45 03
28 47
08 23
49 32
15 09
40 16
06 31
33 19
22 09
48 34
16 42
03 29
38 11
25 46
07 41
31 13
20 44
10 27
24 03   
12 44   
34 21   
01 38   
41 07   
27 11   
45 25   
18 33   
49 08   
09 43
19 31
24 03
12 44
34 21
01 38
41 07
27 11
45 25
18 33
49 08
09 43
19 31
37 06
29 46
02 14
32 48
23 15
39 04
05 26
22 40
16 10
30 20
50 28
17 42
35 13
36 47
03 09
45 12
22 38
11 26
18 50
42 08
07 31
29 39
19 27
44 10
16 05
20 25
33 01
46 14
24 32
40 06
28 21
15 37
04 13
49 30
41 02
23 35
17 47
43 36
03 48
50 09
19 22
11 45
26 16
14 38
07 31
27 13
35 06
25 04
42 08
37 29
20 18
24 30
10 12
39 05
32 41
23 01
46 33
28 44
15 40
20 27
03 40
12 08
34 45
01 16
41 06
27 37
45 32
18 23
49 14
09 22
19 31
37 06
29 46
02 14
32 48
23 15
39 04
05 26
22 40
16 10
30 20
50 28
17 42
35 13
36 47
03 09
45 12
22 38
11 26
18 50
42 08
07 31
29 39
19 27
44 10
16 05
20 25
33 01
46 14
24 32
40 06
28 21
15 37
04 13
49 30
41 02
23 35
17 47
43 36
03 48
50 09
19 22
11 45
26 16
14 38
07 31
27 13
35 06
25 04
42 08
37 29
20 18
24 30
10 12
39 05
32 41
23 01
46 33
28 44
15 40
24 33
12 44
34 21
01 38
41 07
27 11
45 25
18 33
49 08
09 43
19 31
37 06
29 46
02 14
32 48
23 15
39 04
05 26
22 40
16 10
30 20
50 28
17 42
35 13
36 47
03 09
45 12
22 38
11 26
18 50
42 08
07 31
29 39
19 27
44 10
16 05
20 25
33 01
46 14
24 32
40 06
28 21
15 37
04 13
49 30
41 02
23 35
17 47
43 36
03 48
50 09
19 22
11 45
26 16
14 38
07 31
27 13
35 06
25 04
42 08
37 29
20 18
24 30
10 12
39 05
32 41
23 01
46 33
28 44
13 09
28 42
04 17
36 25
08 31
20 47
45 11
16 38
33 22
02 40
19 06
29 49
10 24
41 27
07 35
23 48
39 14
05 32
30 44
18 46
12 21
37 03
01 26
43 15
34 50
09 19
26 37
22 03
48 14
05 45
17 32
40 12
07 29
35 23
02 11
38 30
20 08
16 06
44 25
31 18
50 01
21 13
09 47
33 10
28 19
36 04
49 24
20 13
16 24
08 12
30 27
37 24
11 35
45 03
28 47
08 23
49 32
15 09
40 16
06 31
33 19
22 09
48 34
16 42
03 29
38 11
25 46
07 41
31 13
20 44
10 27
24 03   
12 44   
34 21   
01 38   
41 07   
27 11   
45 25   
18 33   
49 08   
09 43
19 31
24 03
12 44
34 21
01 38
41 07
27 11
45 25
18 33
49 08
09 43
19 31
37 06
29 46
02 14
32 48
23 15
39 04
05 26
22 40
16 10
30 20
50 28
17 42
35 13
36 47
03 09
45 12
22 38
11 26
18 50
42 08
07 31
29 39
19 27
44 10
16 05
20 25
33 01
46 14
24 32
40 06
28 21
15 37
04 13
49 30
41 02
23 35
17 47
43 36
03 48
50 09
19 22
11 45
26 16
14 38
07 31
27 13
35 06
25 04
42 08
37 29
20 18
24 30
10 12
39 05
32 41
23 01
46 33
28 44
15 40
20 27
03 40
12 08
34 45
01 16
41 06
27 37
45 32
18 23
49 14
09 22
19 31
37 06
29 46
02 14
32 48
23 15
39 04
05 26
22 40
16 10
30 20
50 28
17 42
35 13
36 47
03 09
45 12
22 38
11 26
18 50
42 08
07 31
29 39
19 27
44 10
16 05
20 25
33 01
46 14
24 32
40 06
28 21
15 37
04 13
49 30
41 02
23 35
17 47
43 36
03 48
50 09
19 22
11 45
26 16
14 38
07 31
27 13
35 06
25 04
42 08
37 29
20 18
24 30
10 12
39 05
32 41
23 01
46 33
28 44
15 40
24 33
12 44
34 21
01 38
41 07
27 11
45 25
18 33
49 08
09 43
19 31
37 06
29 46
02 14
32 48
23 15
39 04
05 26
22 40
16 10
30 20
50 28
17 42
35 13
36 47
03 09
45 12
22 38
11 26
18 50
42 08
07 31
29 39
19 27
44 10
16 05
20 25
33 01
46 14
24 32
40 06
28 21
15 37
04 13
49 30
41 02
23 35
17 47
43 36
03 48
50 09
19 22
11 45
26 16
14 38
07 31
27 13
35 06
25 04
42 08
37 29
20 18
24 30
10 12
39 05
32 41
23 01
46 33
28 44
13 09
28 42
04 17
36 25
08 31
20 47
45 11
16 38
33 22
02 40
19 06
29 49
10 24
41 27
07 35
23 48
39 14
05 32
30 44
18 46
12 21
37 03
01 26
43 15
34 50
09 19
26 37
22 03
48 14
05 45
17 32
40 12
07 29
35 23
02 11
38 30
20 08
16 06
44 25
31 18
50 01
21 13
09 47
33 10
28 19
36 04
49 24
20 13
16 24
08 12
30 27
37 24
11 35
45 03
28 47
08 23
49 32
15 09
40 16
06 31
33 19
22 09
48 34
16 42
03 29
38 11
25 46
07 41
31 13
20 44
10 27
24 03   
12 44   
34 21   
01 38   
41 07   
27 11   
45 25   
18 33   
49 08   
09 43
19 31
24 03
12 44
34 21
01 38
41 07
27 11
45 25
18 33
49 08
09 43
19 31
37 06
29 46
02 14
32 48
23 15
39 04
05 26
22 40
16 10
30 20
50 28
17 42
35 13
36 47
03 09
45 12
22 38
11 26
18 50
42 08
07 31
29 39
19 27
44 10
16 05
20 25
33 01
46 14
24 32
40 06
28 21
15 37
04 13
49 30
41 02
23 35
17 47
43 36
03 48
50 09
19 22
11 45
26 16
14 38
07 31
27 13
35 06
25 04
42 08
37 29
20 18
24 30
10 12
39 05
32 41
23 01
46 33
28 44
15 40
20 27
03 40
12 08
34 45
01 16
41 06
27 37
45 32
18 23
49 14
09 22
19 31
37 06
29 46
02 14
32 48
23 15
39 04
05 26
22 40
16 10
30 20
50 28
17 42
35 13
36 47
03 09
45 12
22 38
11 26
18 50
42 08
07 31
29 39
19 27
44 10
16 05
20 25
33 01
46 14
24 32
40 06
28 21
15 37
04 13
49 30
41 02
23 35
17 47
43 36
03 48
50 09
19 22
11 45
26 16
14 38
07 31
27 13
35 06
25 04
42 08
37 29
20 18
24 30
10 12
39 05
32 41
23 01
46 33
28 44
15 40
24 33
12 44
34 21
01 38
41 07
27 11
45 25
18 33
49 08
09 43
19 31
37 06
29 46
02 14
32 48
23 15
39 04
05 26
22 40
16 10
30 20
50 28
17 42
35 13
36 47
03 09
45 12
22 38
11 26
18 50
42 08
07 31
29 39
19 27
44 10
16 05
20 25
33 01
46 14
24 32
40 06
28 21
15 37
04 13
49 30
41 02
23 35
17 47
43 36
03 48
50 09
19 22
11 45
26 16
14 38
07 31
27 13
35 06
25 04
42 08
37 29
20 18
24 30
10 12
39 05
32 41
23 01
46 33
28 44
13 09
28 42
04 17
36 25
08 31
20 47
45 11
16 38
33 22
02 40
19 06
29 49
10 24
41 27
07 35
23 48
39 14
05 32
30 44
18 46
12 21
37 03
01 26
43 15
34 50
09 19
26 37
22 03
48 14
05 45
17 32
40 12
07 29
35 23
02 11
38 30
20 08
16 06
44 25
31 18
50 01
21 13
09 47
33 10
28 19
36 04
49 24
20 13
16 24
08 12
30 27
37 24
11 35
45 03
28 47
08 23
49 32
15 09
40 16
06 31
33 19
22 09
48 34
16 42
03 29
38 11
25 46
07 41
31 13
20 44
10 27
24 03   
12 44   
34 21   
01 38   
41 07   
27 11   
45 25   
18 33   
49 08   
09 43
19 31
24 03
12 44
34 21
01 38
41 07
27 11
45 25
18 33
49 08
09 43
19 31
37 06
29 46
02 14
32 48
23 15
39 04
05 26
22 40
16 10
30 20
50 28
17 42
35 13
36 47
03 09
45 12
22 38
11 26
18 50
42 08
07 31
29 39
19 27
44 10
16 05
20 25
33 01
46 14
24 32
40 06
28 21
15 37
04 13
49 30
41 02
23 35
17 47
43 36
03 48
50 09
19 22
11 45
26 16
14 38
07 31
27 13
35 06
25 04
42 08
37 29
20 18
24 30
10 12
39 05
32 41
23 01
46 33
28 44
15 40
20 27
03 40
12 08
34 45
01 16
41 06
27 37
45 32
18 23
49 14
09 22
19 31
37 06
29 46
02 14
32 48
23 15
39 04
05 26
22 40
16 10
30 20
50 28
17 42
35 13
36 47
03 09
45 12
22 38
11 26
18 50
42 08
07 31
29 39
19 27
44 10
16 05
20 25
33 01
46 14
24 32
40 06
28 21
15 37
04 13
49 30
41 02
23 35
17 47
43 36
03 48
50 09
19 22
11 45
26 16
14 38
07 31
27 13
35 06
25 04
42 08
37 29
20 18
24 30
10 12
39 05
32 41
23 01
46 33
28 44
15 40
24 33
12 44
34 21
01 38
41 07
27 11
45 25
18 33
49 08
09 43
19 31
37 06
29 46
02 14
32 48
23 15
39 04
05 26
22 40
16 10
30 20
50 28
17 42
35 13
36 47
03 09
45 12
22 38
11 26
18 50
42 08
07 31
29 39
19 27
44 10
16 05
20 25
33 01
46 14
24 32
40 06
28 21
15 37
04 13
49 30
41 02
23 35
17 47
43 36
03 48
50 09
19 22
11 45
26 16
14 38
07 31
27 13
35 06
25 04
42 08
37 29
20 18
24 30
10 12
39 05
32 41
23 01
46 33
28 44
13 09
28 42
04 17
36 25
08 31
20 47
45 11
16 38
33 22
02 40
19 06
29 49
10 24
41 27
07 35
23 48
39 14
05 32
30 44
18 46
12 21
37 03
01 26
43 15
34 50
09 19
26 37
22 03
48 14
05 45
17 32
40 12
07 29
35 23
02 11
38 30
20 08
16 06
44 25
31 18
50 01
21 13
09 47
33 10
28 19
36 04
49 24
20 13
16 24
08 12
30 27
37 24
11 35
45 03
28 47
08 23
49 32
15 09
40 16
06 31
33 19
22 09
48 34
16 42
03 29
38 11
25 46
07 41
31 13
20 44
10 27
24 03   
12 44   
34 21   
01 38   
41 07   
27 11   
45 25   
18 33   
49 08   
09 43
19 31
24 03
12 44
34 21
01 38
41 07
27 11
45 25
18 33
49 08
09 43
19 31
37 06
29 46
02 14
32 48
23 15
39 04
05 26
22 40
16 10
30 20
50 28
17 42
35 13
36 47
03 09
45 12
22 38
11 26
18 50
42 08
07 31
29 39
19 27
44 10
16 05
20 25
33 01
46 14
24 32
40 06
28 21
15 37
04 13
49 30
41 02
23 35
17 47
43 36
03 48
50 09
19 22
11 45
26 16
14 38
07 31
27 13
35 06
25 04
42 08
37 29
20 18
24 30
10 12
39 05
32 41
23 01
46 33
28 44
15 40
20 27
03 40
12 08
34 45
01 16
41 06
27 37
45 32
18 23
49 14
09 22
19 31
37 06
29 46
02 14
32 48
23 15
39 04
05 26
22 40
16 10
30 20
50 28
17 42
35 13
36 47
03 09
45 12
22 38
11 26
18 50
42 08
07 31
29 39
19 27
44 10
16 05
20 25
33 01
46 14
24 32
40 06
28 21
15 37
04 13
49 30
41 02
23 35
17 47
43 36
03 48
50 09
19 22
11 45
26 16
14 38
07 31
27 13
35 06
25 04
42 08
37 29
20 18
24 30
10 12
39 05
32 41
23 01
46 33
28 44
15 40
24 33
12 44
34 21
01 38
41 07
27 11
45 25
18 33
49 08
09 43
19 31
37 06
29 46
02 14
32 48
23 15
39 04
05 26
22 40
16 10
30 20
50 28
17 42
35 13
36 47
03 09
45 12
22 38
11 26
18 50
42 08
07 31
29 39
19 27
44 10
16 05
20 25
33 01
46 14
24 32
40 06
28 21
15 37
04 13
49 30
41 02
23 35
17 47
43 36
03 48
50 09
19 22
11 45
26 16
14 38
07 31
27 13
35 06
25 04
42 08
37 29
20 18
24 30
10 12
39 05
32 41
23 01
46 33
28 44
13 09
28 42
04 17
36 25
08 31
20 47
45 11
16 38
33 22
02 40
19 06
29 49
10 24
41 27
07 35
23 48
39 14
05 32
30 44
18 46
12 21
37 03
01 26
43 15
34 50
09 19
26 37
22 03
48 14
05 45
17 32
40 12
07 29
35 23
02 11
38 30
20 08
16 06
44 25
31 18
50 01
21 13
09 47
33 10
28 19
36 04
49 24
20 13
16 24
08 12
30 27
37 24
11 35
45 03
28 47
08 23
49 32
15 09
40 16
06 31
33 19
22 09
48 34
16 42
03 29
38 11
25 46
07 41
31 13
20 44
10 27
24 03   
12 44   
34 21   
01 38   
41 07   
27 11   
45 25   
18 33   
49 08   
09 43
19 31
24 03
12 44
34 21
01 38
41 07
27 11
45 25
18 33
49 08
09 43
19 31
37 06
29 46
02 14
32 48
23 15
39 04
05 26
22 40
16 10
30 20
50 28
17 42
35 13
36 47
03 09
45 12
22 38
11 26
18 50
42 08
07 31
29 39
19 27
44 10
16 05
20 25
33 01
46 14
24 32
40 06
28 21
15 37
04 13
49 30
41 02
23 35
17 47
43 36
03 48
50 09
19 22
11 45
26 16
14 38
07 31
27 13
35 06
25 04
42 08
37 29
20 18
24 30
10 12
39 05
32 41
23 01
46 33
28 44
15 40
20 27
03 40
12 08
34 45
01 16
41 06
27 37
45 32
18 23
49 14
09 22
19 31
37 06
29 46
02 14
32 48
23 15
39 04
05 26
22 40
16 10
30 20
50 28
17 42
35 13
36 47
03 09
45 12
22 38
11 26
18 50
42 08
07 31
29 39
19 27
44 10
16 05
20 25
33 01
46 14
24 32
40 06
28 21
15 37
04 13
49 30
41 02
23 35
17 47
43 36
03 48
50 09
19 22
11 45
26 16
14 38
07 31
27 13
35 06
25 04
42 08
37 29
20 18
24 30
10 12
39 05
32 41
23 01
46 33
28 44
15 40
24 33
12 44
34 21
01 38
41 07
27 11
45 25
18 33
49 08
09 43
19 31
37 06
29 46
02 14
32 48
23 15
39 04
05 26
22 40
16 10
30 20
50 28
17 42
35 13
36 47
03 09
45 12
22 38
11 26
18 50
42 08
07 31
29 39
19 27
44 10
16 05
20 25
33 01
46 14
24 32
40 06
28 21
15 37
04 13
49 30
41 02
23 35
17 47
43 36
03 48
50 09
19 22
11 45
26 16
14 38
07 31
27 13
35 06
25 04
42 08
37 29
20 18
24 30
10 12
39 05
32 41
23 01
46 33
28 44
13 09
28 42
04 17
36 25
08 31
20 47
45 11
16 38
33 22
02 40
19 06
29 49
10 24
41 27
07 35
23 48
39 14
05 32
30 44
18 46
12 21
37 03
01 26
43 15
34 50
09 19
26 37
22 03
48 14
05 45
17 32
40 12
07 29
35 23
02 11
38 30
20 08
16 06
44 25
31 18
50 01
21 13
09 47
33 10
28 19
36 04
49 24